PROFESSOR ASSOCIATE ASSISTANT INSTR/LECT All
NO. Sum NO. Sum NO. Sum NO. Sum NO. Sum
AFRICAN-AMERICAN STUDIES 1 107,749 2 162,892 2 134,930 0 0 5 405,571
BIOLOGICAL SCIENCES 11 1,188,788 6 516,993 6 431,530 0 0 23 2,137,311
CHEMISTRY & BIOCHEMISTRY 8 925,343 4 333,558 7 517,394 0 0 19 1,776,295
CLASSICS & WORLD RELIGIONS 2 175,033 4 320,631 3 182,015 0 0 9 677,679
ECONOMICS 3 362,101 5 526,745 7 649,236 0 0 15 1,538,082
ENGLISH 13 1,224,457 11 847,303 5 307,514 0 0 29 2,379,274
ENVIRONMENTAL & PLANT BIOLOGY 4 416,337 4 336,672 4 267,271 0 0 12 1,020,280
GEOGRAPHY 4 391,783 9 722,018 2 136,769 0 0 15 1,250,570
GEOLOGICAL SCIENCES 3 341,926 6 510,644 0 0 0 0 9 852,570
HISTORY 4 412,254 12 928,114 7 425,127 0 0 23 1,765,495
LINGUISTICS 0 0 4 320,874 0 0 0 0 4 320,874
MATHEMATICS 9 928,287 6 506,139 5 349,497 0 0 20 1,783,923
MODERN LANGUAGES 6 586,999 9 676,796 2 118,939 0 0 17 1,382,734
PHILOSOPHY 3 289,000 3 228,846 2 120,154 0 0 8 638,000
PHYSICS & ASTRONOMY 14 1,523,716 7 593,936 3 216,457 0 0 24 2,334,109
POLITICAL SCIENCE 4 435,978 14 1,142,498 4 261,937 0 0 22 1,840,413
PSYCHOLOGY 9 1,078,544 5 449,591 7 494,790 0 0 21 2,022,925
SOCIOLOGY & ANTHROPOLOGY 3 288,626 9 729,233 10 632,914 0 0 22 1,650,773
WOMEN GENDER & SEXUALITY STD 1 99,351 0 0 0 0 0 0 1 99,351
---- COLLEGE OF ARTS & SCIENCES 102 10,776,272 120 9,853,483 76 5,246,474 0 0 298 25,876,229
ACCOUNTANCY 2 301,212 2 325,255 4 581,125 0 0 8 1,207,592
FINANCE 1 151,838 2 319,935 4 582,443 0 0 7 1,054,216
MANAGEMENT INFORMATION SYSTEMS 3 461,678 2 264,832 4 467,042 0 0 9 1,193,552
MANAGEMENT 7 1,031,836 6 746,881 8 1,025,775 0 0 21 2,804,492
MARKETING 1 166,500 4 543,701 5 633,045 0 0 10 1,343,246
SPORTS ADMINISTRATION 1 173,825 4 366,109 0 0 0 0 5 539,934
---- COLLEGE OF BUSINESS 15 2,286,889 20 2,566,713 25 3,289,430 0 0 60 8,143,032
INFORMATION & TELECOMMUNICATION SYSTEMS 3 395,212 3 308,771 0 0 0 0 6 703,983
COMMUNICATION STUDIES 9 957,521 4 316,222 5 327,104 0 0 18 1,600,847
JOURNALISM 6 673,855 11 949,592 2 131,953 0 0 19 1,755,400
MEDIA ARTS & STUDIES 3 389,606 12 1,041,226 3 191,724 0 0 18 1,622,556
VISUAL COMMUNICATION 2 201,492 5 430,030 2 133,475 0 0 9 764,997
---- SCRIPPS COLLEGE OF COMMUNICATION 23 2,617,686 35 3,045,841 12 784,256 0 0 70 6,447,783
COUNSELING & HIGHER EDUCATION 3 266,973 4 364,988 5 323,412 0 0 12 955,373
EDUCATIONAL STUDIES 3 297,939 6 477,772 4 272,936 0 0 13 1,048,647
HUMAN CONSUMER SCIENCES 1 112,461 4 317,597 2 124,085 0 0 7 554,143
REC AND SPORT PEDAGOGY 0 0 5 389,027 0 0 0 0 5 389,027
TEACHER EDUCATION 5 539,813 7 560,040 6 412,569 0 0 18 1,512,422
---- PATTON COLLEGE OF EDUCATION 12 1,217,186 26 2,109,424 17 1,133,002 0 0 55 4,459,612
AVIATION 0 0 2 193,627 0 0 0 0 2 193,627
CHEMICAL & BIOMOLECULAR ENGINEERING 6 1,007,058 3 321,099 4 376,118 0 0 13 1,704,275
CIVIL ENGINEERING 4 589,766 3 285,906 5 431,148 0 0 12 1,306,820
ELECTRICAL ENGR & COMPUTER SCIENCE 12 1,560,449 7 763,793 3 276,826 0 0 22 2,601,068
INDUSTRIAL SYSTEMS ENGINEERING 4 546,793 3 303,930 2 173,000 0 0 9 1,023,723
ENGINEERING TECHNOLOGY & MGT 1 121,411 3 282,237 4 340,935 0 0 8 744,583
MECHANICAL ENGINEERING 3 427,429 4 418,426 6 539,097 0 0 13 1,384,952
---- RUSS COLLEGE OF ENGINEERING & TECH 30 4,252,906 25 2,569,018 24 2,137,124 0 0 79 8,959,048
THEATER 4 360,706 5 335,715 2 121,235 0 0 11 817,656
MUSIC 13 1,188,913 8 561,631 8 450,575 0 0 29 2,201,119
DANCE 2 173,557 1 72,401 0 0 0 0 3 245,958
ART 11 993,271 6 427,200 3 179,955 0 0 20 1,600,426
FILM 2 294,731 2 155,206 2 119,520 0 0 6 569,457
INTERDISCIPLINARY ARTS 2 197,894 2 149,363 1 52,000 0 0 5 399,257
---- COLLEGE OF FINE ARTS 34 3,209,072 24 1,701,516 16 923,285 0 0 74 5,833,873
APPLIED HLTH SCI & WELLNESS 3 308,784 3 243,810 6 399,133 0 0 12 951,727
REHABILITATION COMMUN SCI 5 653,982 8 679,109 2 139,720 0 0 15 1,472,811
NURSING 3 361,583 1 89,727 5 453,821 0 0 9 905,131
SOCIAL PUBLIC HEALTH 3 312,431 6 482,175 8 515,524 0 0 17 1,310,130
---- COLLEGE OF HEALTH SCIENCES & PROF 14 1,636,780 18 1,494,821 21 1,508,198 0 0 53 4,639,799
---- GLOBAL LEADERSHIP CENTER 0 0 0 0 1 80,000 0 0 1 80,000
---- VOINOVICH SCHOOL 3 267,946 7 520,298 0 0 0 0 10 788,244
---- ATHENS CAMPUS (WITHOUT OU-COM) 233 26,264,737 275 23,861,114 192 15,101,769 0 0 700 65,227,620
FAMILY MEDICINE 1 112,039 3 270,894 8 607,936 0 0 12 990,869
SPECIALTY MEDICINE 0 0 2 163,368 1 78,672 0 0 3 242,040
BIOMEDICAL SCIENCES 10 1,396,675 13 1,105,574 3 226,232 0 0 26 2,728,481
OSTEOPATHIC MEDICINE OTHER 4 431,993 6 511,782 6 445,318 0 0 16 1,389,093
---- HERITAGE COLLEGE OF OSTEOPATHIC MED 15 1,940,707 24 2,051,618 18 1,358,158 0 0 57 5,350,483
EASTERN CAMPUS 0 0 11 847,735 3 197,230 0 0 14 1,044,965
CHILLICOTHE CAMPUS 2 170,735 14 1,102,127 6 377,711 0 0 22 1,650,573
SOUTHERN CAMPUS 1 94,563 13 984,566 5 297,666 0 0 19 1,376,795
LANCASTER CAMPUS 3 278,019 18 1,356,926 3 181,805 0 0 24 1,816,750
ZANESVILLE CAMPUS 5 455,994 18 1,324,603 7 418,467 0 0 30 2,199,064
---- REGIONAL CAMPUSES 11 999,311 74 5,615,957 24 1,472,879 0 0 109 8,088,147
---- OHIO UNIVERSITY TOTAL 259 29,204,755 373 31,528,689 234 17,932,806 0 0 866 78,666,250